%Dados com bordas brancas
entradas = zeros(2,100);
entradas(1,:) = [0,39,45,58,71,78,91,98,111,117,130,137,143,150,163,163,163,163,163,163,163,163,170,163,170,163,163,163,170,163,163,163,163,163,170,163,163,163,163,156,150,150,130,124,137,150,156,156,163,156,150,150,163,156,163,163,170,163,176,170,170,170,176,176,176,170,176,163,156,156,156,150,156,150,150,156,150,143,150,143,143,143,137,130,137,130,137,137,137,130,137,137,137,130,137,137,176,228,255,235];
entradas(2,:) = [0,31,40,49,58,67,71,76,85,93,98,102,102,111,111,111,111,111,111,111,111,116,116,116,116,116,111,116,111,116,111,111,111,116,111,111,111,111,111,102,102,93,85,93,102,111,111,111,107,102,107,111,107,111,111,116,116,120,116,116,116,120,120,125,116,120,111,111,107,111,107,107,107,107,107,102,102,107,102,102,102,98,93,98,107,147,205,250,255,255,255,250,246,241,223,214,196,187,165,134];
entradas(3,:) = [0,24,32,40,48,56,60,64,72,76,80,89,89,97,97,101,97,97,97,97,97,101,97,101,101,97,97,101,101,101,97,97,97,101,97,101,97,101,97,89,89,80,72,80,89,97,97,97,93,93,93,101,97,101,97,101,101,105,105,105,105,109,109,113,105,113,105,129,186,246,254,250,254,250,250,250,250,254,250,250,246,242,246,250,246,242,242,234,202,161,121,137,194,214,202,198,182,170,153,137];
entradas(4,:) = [0,22,22,29,36,44,51,55,62,66,73,77,81,85,88,88,92,88,92,92,92,92,96,92,96,92,92,92,92,92,92,92,92,92,92,88,92,92,92,88,85,85,77,70,81,88,96,96,103,133,199,247,255,243,255,251,251,251,255,251,255,255,255,251,255,251,255,251,255,251,251,247,247,247,243,229,177,99,73,129,203,232,229,232,236,232,229,229,225,221,221,218,214,210,206,192,188,173,162,147];
entradas(5,:) = [0,25,32,40,47,51,54,61,69,72,76,80,83,87,87,91,87,91,91,91,91,94,91,94,94,94,94,94,94,94,94,98,98,134,182,229,236,244,240,233,240,244,247,251,240,247,244,251,247,251,251,255,244,251,247,251,247,251,244,244,236,171,91,58,98,182,229,240,236,240,240,240,240,236,233,233,233,233,229,225,225,222,222,222,218,214,214,214,211,211,207,204,196,193,174,171,153,142,127,116];
entradas(6,:) = [0,22,22,30,37,45,52,56,60,67,75,78,82,86,90,93,97,97,123,172,202,225,232,228,232,236,236,232,236,240,243,240,236,243,247,243,251,247,251,243,228,183,105,52,86,161,232,247,251,251,251,251,255,247,251,251,251,247,251,247,251,251,247,247,247,243,247,243,247,243,243,240,240,240,240,240,236,236,240,236,232,232,225,225,225,217,213,213,210,206,202,198,191,187,183,165,157,142,131,116];
entradas(7,:) = [0,22,22,29,36,44,51,55,66,92,140,181,206,218,229,229,229,229,232,236,225,232,236,232,232,229,199,129,77,96,170,218,236,243,243,240,247,243,247,243,232,243,247,247,251,243,251,247,251,247,251,251,255,243,251,251,251,247,251,247,251,251,251,247,251,243,251,243,247,243,243,240,240,240,236,236,236,236,232,232,229,229,221,221,225,218,214,210,210,206,203,195,173,140,103,92,129,140,133,118];
    %Centro
entradas(8,:) = [0,29,44,81,118,147,162,177,192,203,214,221,225,232,229,214,158,110,129,177,218,236,232,236,236,240,240,240,243,243,243,240,243,243,243,247,247,251,247,236,247,247,247,255,247,255,251,255,255,251,251,255,247,251,247,251,251,255,251,255,255,255,251,255,247,255,247,251,247,247,243,243,243,240,240,236,232,232,229,229,225,221,210,177,121,88,118,173,203,203,199,195,188,181,155,133,88,55,40,36];
entradas(9,:) = [0,57,61,57,54,85,123,146,166,181,197,204,212,220,224,224,227,224,227,231,220,224,231,227,227,227,227,227,231,227,235,235,235,239,243,239,247,243,247,243,231,243,243,243,247,239,251,247,255,251,251,251,251,243,247,247,247,243,235,162,73,30,73,162,231,231,239,231,239,239,239,235,231,231,227,227,224,212,173,112,73,61,54,50,54,50,50,46,46,46,46,42,42,38,38,30,27,19,15,7];
entradas(10,:) = [0,63,63,83,103,123,143,159,175,191,203,211,219,223,231,231,235,235,235,239,231,235,243,235,239,239,239,239,243,243,247,243,239,247,231,155,83,39,103,183,227,247,247,251,255,247,255,251,255,251,251,251,255,243,247,227,171,103,87,83,83,79,83,79,83,75,79,71,71,63,67,63,63,63,59,59,55,55,55,51,51,51,47,43,43,43,43,39,39,35,39,35,35,31,31,23,19,15,7,0];
entradas(11,:) = [0,68,72,89,110,127,148,165,182,195,212,221,233,238,242,238,246,242,242,246,233,208,140,85,119,187,233,242,246,246,250,246,246,250,255,250,255,250,246,191,119,80,63,55,63,72,76,76,76,72,68,68,76,72,76,72,76,76,80,80,80,76,80,80,80,72,76,68,68,63,68,59,63,59,59,59,55,55,55,51,51,46,42,38,42,38,38,38,38,34,34,29,29,25,25,17,17,8,4,0];
entradas(12,:) = [0,74,97,115,106,92,125,171,204,227,236,245,250,255,222,166,120,97,92,88,92,92,88,92,88,83,83,88,83,88,83,88,83,88,83,88,83,88,83,74,74,64,55,64,74,78,83,83,78,74,74,83,83,83,83,88,83,92,88,88,88,92,92,92,83,88,78,78,74,74,69,74,69,69,69,64,60,64,60,60,55,51,46,51,46,46,46,46,41,41,37,37,32,32,23,23,13,9,4,0];

%Dados sem bords brancas
entradas(13,:) = [0,39,51,68,73,85,90,102,107,119,124,130,136,141,141,147,141,147,147,141,147,153,147,153,147,147,147,153,147,147,147,147,147,147,141,147,141,153,141,136,136,119,113,124,136,141,141,147,141,136,136,147,141,147,147,153,147,158,153,158,153,158,158,164,153,158,147,141,141,147,141,141,141,141,136,136,136,136,136,136,130,124,124,124,124,124,124,124,124,124,124,119,113,124,147,215,255,249,221,204];
entradas(14,:) = [0,27,27,31,43,47,55,59,67,71,79,83,87,91,95,95,99,95,95,99,95,99,103,99,99,99,99,95,99,99,99,99,99,95,99,95,99,95,99,95,91,91,79,75,83,91,95,95,95,91,91,91,99,95,99,99,103,103,107,103,103,103,107,107,111,103,107,99,99,95,99,95,95,95,87,67,55,95,179,239,251,251,247,251,255,251,247,247,247,247,243,243,235,227,223,207,203,187,175,159];
entradas(15,:) = [0,21,21,28,35,42,49,53,60,63,70,74,77,81,85,85,88,88,88,88,88,88,92,88,92,88,88,88,92,88,88,88,88,88,92,88,92,88,92,88,81,81,74,70,77,85,88,88,81,60,42,56,138,212,244,244,247,247,251,247,251,251,251,251,255,247,255,247,251,247,251,247,247,244,244,240,237,237,237,233,237,237,233,233,233,230,230,230,226,223,223,219,216,208,208,194,191,173,159,141];
entradas(16,:) = [0,27,34,40,47,51,54,61,64,71,74,81,81,88,88,88,88,88,88,88,91,95,91,95,91,91,91,88,68,51,57,129,197,231,234,241,238,241,238,231,241,244,244,248,241,248,248,251,251,251,251,255,244,251,248,248,244,248,244,248,248,248,248,248,241,248,241,244,244,244,241,241,241,238,238,234,234,234,231,231,231,227,227,231,227,224,224,217,214,210,207,197,173,136,78,47,51,54,47,44];
    %centro
entradas(17,:) = [0,24,31,38,45,52,55,59,62,73,76,80,83,87,90,90,76,59,69,125,181,220,223,227,227,230,230,234,234,241,237,237,241,244,241,248,244,248,244,234,244,244,244,248,244,251,248,255,251,251,248,251,244,251,248,251,251,251,248,251,248,248,248,248,244,248,241,244,241,244,241,241,241,241,237,237,237,237,227,227,223,216,213,185,125,62,45,59,69,76,73,73,69,69,59,59,52,48,41,34];
entradas(18,:) = [0,24,24,31,37,41,41,44,89,144,182,199,213,217,223,223,227,227,230,234,223,230,234,230,234,234,234,234,237,237,241,237,237,241,244,244,248,248,248,248,234,244,248,248,251,244,251,251,255,251,251,251,255,248,251,251,255,251,251,244,248,244,241,237,237,230,223,148,68,34,48,65,82,82,79,79,79,75,79,75,75,72,68,65,68,68,68,65,68,65,65,65,65,62,62,55,51,44,41,34];
entradas(19,:) = [0,76,102,116,134,153,167,182,193,207,214,222,229,236,233,236,236,236,244,233,240,244,236,240,240,244,240,244,244,247,247,244,251,251,247,255,251,251,247,236,244,244,244,244,236,218,138,65,40,54,76,91,87,91,91,94,91,94,94,94,91,94,94,98,91,94,87,87,83,87,83,83,83,83,80,80,80,80,80,80,76,72,69,72,72,69,72,72,69,72,69,69,69,65,58,58,51,47,36,32];
entradas(20,:) = [0,74,97,115,139,162,180,199,213,231,241,250,255,255,204,120,64,60,74,83,83,92,83,88,83,83,83,88,83,83,83,83,83,83,78,83,78,83,78,74,74,60,55,64,69,78,78,78,74,74,74,83,78,83,83,83,83,88,88,88,88,92,88,92,88,88,83,78,74,78,74,78,74,74,74,74,69,74,69,69,64,64,60,60,60,60,60,60,60,60,60,60,55,55,46,41,32,27,18,13];

%novos dados
entradas(21,:) = [23,34,36,34,39,40,40,40,40,41,40,41,41,42,41,42,42,43,42,37,33,47,67,81,83,84,83,84,85,86,85,85,87,87,87,89,88,89,88,85,89,89,90,90,88,90,89,91,90,91,91,91,89,90,90,91,90,91,90,92,91,91,90,92,90,92,90,91,90,91,90,90,90,89,90,90,90,90,89,89,89,87,88,88,84,68,48,36,39,45,45,44,44,45,43,44,42,42,42,42];
